package classes;

public class Miasta {
    //model na którym operuje algorytm

    final public static String[] MIASTA = 
    {"Gdańsk",	"Warszawa",	"Poznań",	"Wrocław",	"Kraków",	"Gdynia",	"Sopot",	"Radom",	"Grudziądz",	"Toruń",	"Bydgoszcz",	"Katowice",	"Lublin",	"Łódź",	"Białystok",	"Olsztyn",	"Szczecin",	"Rzeszów",	"Kielce",	"Zakopane",	"Kołobrzeg",	"Łomża",	"Kalisz",	"Nowy Sącz",	"Przemyśl",	"Piła",	"Opole",	"Gniezno",	"Giżycko", "Ostróda"};
    final public static double[][] ODLEGLOSCI= { 
        {0,	        164.071,	244.601,	376.589,	484.827,	20.015,	    11.425,	    368.311,	96.797,	    148.832,	142.903,	455.167,	434.310,	293.314,	326.182,	135.529,	284.686,	534.196,	410.873,	569.145,	200.322,	258.812,	292.078,	545.862,	581.294,	183.150,	411.289,	214.719,	205.924,     113.801},
        {164.071,	0,	        278.390,	303.682,	252.552,	302.105,	295.144,	91.215,	    204.299,	184.476,	225.526,	264.119,	155.146,	116.399,	176.269,	175.369,	450.792,	256.571,	155.648,	334.678,	421.170,	126.998,	207.524,	292.217,	299.397,	305.236,	274.311,	233.612,	206.900,     177.851},
        {244.601,	278.390,	0,	        141.752,	334.227,	258.549,	251.148,	310.739,	171.580,	131.981,	108.247,	283.090,	408.956,	188.231,	427.435,	282.551,	193.450,	443.132,	307.268,	405.340,	216.665,	355.789,	107.514,	408.259,	502.393,	84.335,	    203.796,	47.983,	    370.258,     249.624},
        {376.589,	303.682,	141.752,	0,	        240.011,	391.267,	383.361,	292.716,	287.666,	237.292,	232.600,	175.244,	388.798,	187.563,	477.005,	378.168,	303.151,	376.608,	255.949,	293.401,	352.035,	414.675,	102.937,	314.025,	437.440,	225.734,	83.241,	    161.211,	457.326,     350.708},
        {484.827,	252.552,	334.227,	240.011,	0,	        504.298,	496.134,	173.560,	387.727,	341.115,	365.561,	68.459,	    224.932,	192.923,	407.447,	414.703,	524.668,	148.588,	100.132,	85.066,	    545.568,	376.399,	228.190,	75.069,	    206.459,	408.290,	157.989,	318.431,	459.210,     404.829},
        {20.015,	302.105,	258.549,	391.267,	504.298,	0,	        8.296,	    386.663,	116.981,	167.044,	159.056,	479.463,	454.924,	311.413,	339.879,	150.615,	284.979,	553.623,	430.409,	588.336,	195.765,	273.932,	309.427,	565.337,	600.533,	192.424,	428.695,	230.057,	216.108,     129.549},
        {11.425,	295.144,	251.148,	383.361,	496.134,	8.296,	    0,	        379.275,	108.733,	158.748,	151.034,	471.177,	448.297,	303.266,	336.286,	146.191,	281.947,	546.142,	422.549,	580.139,	194.687,	269.551,	301.197,	557.323,	593.311,	186.137,	420.463,	222.153,	214.216,     123.825},
        {368.311,	91.215,     310.739,	292.716,	173.560,	386.663,	379.275,	0,	        280.435,	249.097,	286.626,	202.038,	99.348,	    122.752,	234.190,	266.382,	498.147,	167.325,	73.474,	    250.884,	484.598,	205.417,	216.023,	203.362,	214.899,	357.225,	240.289,	273.315,	294.037,     266.721},
        {96.797,	204.299,	171.580,	287.666,	387.727,	116.981,	108.733,	280.435,	0,	        52.096,	    63.882,	    362.729,	359.352,	195.078,	294.569,	118.096,	276.048,	445.039,	317.233,	471.533,	223.204,	220.845,	197.270,	450.130,	495.290,	139.110,	315.787,	131.038,	207.186,     83.298},
        {148.832,	184.476,	131.981,	237.292,	341.115,	167.044,	158.748,	249.097,	52.096,	    0,	        41.593,	    312.698,	335.967,	150.474,	305.018,	150.785,	270.457,	409.002,	277.028,	423.986,	237.464,	231.437,	145.199,	406.094,	461.102,	125.049,	263.714,	86.476,	    238.285,     118.641},
        {142.903,	225.526,	108.247,	232.600,	365.561,	159.056,	151.034,	286.626,	63.882,	    41.593,	    0,	        330.709,	375.750,	180.378,	344.121,	179.470,	229.091,	443.173,	309.019,	446.431,	198.121,	270.228,	152.936,	433.482,	496.657,	84.256,	    271.698,	71.700,	    268.538,     145.216},
        {455.167,	264.119,	283.090,	175.244,	68.459,	    479.463,	471.177,	202.038,	362.729,	312.698,	330.709,	0,	        273.629,	176.479,	432.676,	408.758,	468.701,	215.781,	133.861,	122.460,	498.609,	391.112,	182.433,	139.553,	273.059,	362.055,	92.077,	    274.890,	464.818,     393.441},
        {434.310,	155.146,	408.956,	388.798,	224.932,	454.924,	448.297,	99.348,	    359.352,	335.967,	375.750,	273.629,	0,	        221.675,	216.792,	317.291,	593.892,	139.279,	141.872,	282.633,	573.419,	221.069,	315.353,	221.241,	160.193,	450.841,	329.420,	369.883,	317.808,     327.293},
        {293.314,	116.399,	188.231,	187.563,	192.923,	311.413,	303.266,	122.752,	195.078,	150.474,	180.378,	176.479,	221.675,	0,	        291.591,	232.726,	377.766,	264.470,	128.913,	277.303,	373.622,	234.377,	96.315,	    255.725,	319.924,	240.710,	162.551,	153.117,	294.699,     217.058},
        {326.182,	176.269,	427.435,	477.005,	407.447,	339.879,	336.286,	234.190,	294.569,	305.018,	344.121,	432.676,	216.792,	291.591,	0,	        191.427,	570.092,	355.706,	307.591,	481.349,	512.710,	74.013,	    377.057,	426.728,	373.307,	428.123,	450.490,	379.555,	136.201,     221.078},
        {135.529,	175.369,	282.551,	378.168,	414.703,	150.615,	146.191,	266.382,	118.096,	150.785,	179.470,	408.758,	317.291,	232.726,	191.427,	0,	        390.065,	431.559,	325.096,	499.433,	323.509,	123.363,	277.367,	463.550,	471.530,	257.102,	385.637,	237.146,	89.182 ,     34.846},
        {284.686,	450.792,	193.450,	303.151,	524.668,	284.979,	281.947,	498.147,	276.048,	270.457,	229.091,	468.701,	593.892,	377.766,	570.092,	390.065,	0,	        636.463,	500.333,	590.852,	105.168,	496.131,	300.715,	599.390,	695.482,	145.894,	381.501,	224.940,	476.394,     355.815},
        {534.196,	256.571,	443.132,	376.608,	148.588,	553.623,	546.142,	167.325,	445.039,	409.002,	443.173,	215.781,	139.279,	264.470,	355.706,	431.559,	636.463,	0,	        136.608,	168.650,	638.087,	352.409,	336.754,	103.546,	60.921,	    504.465,	299.199,	415.135,	447.650,     433.767},
        {410.873,	155.648,	307.268,	255.949,	100.132,	430.409,	422.549,	73.474,	    317.233,	277.028,	309.019,	133.861,	141.872,	128.913,	307.591,	325.096,	500.333,	136.608,	0,	        179.408,	502.202,	277.051,	201.997,	138.492,	195.155,	367.977,	189.469,	278.528,	362.376,     319.794},
        {569.145,	334.678,	405.340,	293.401,	85.066,	    588.336,	580.139,	250.884,	471.533,	423.986,	446.431,	122.460,	282.633,	277.303,	481.349,	499.433,	590.852,	168.650,	179.408,	0,	        620.247,	456.069,	302.845,	65.312,	    211.771,	483.305,	210.881,	394.917,	541.570,     489.886},
        {200.322,	421.170,	216.665,	352.035,	545.568,	195.765,	194.687,	484.598,	223.204,	237.464,	198.121,	498.609,	573.419,	373.622,	512.710,	323.509,	105.168,	638.087,	502.202,	620.247,	0,	        440.388,	317.822,	617.759,	693.981,	137.284,	420.280,	227.418,	403.672,     291.831},
        {258.812,	126.998,	355.789,	414.675,	376.399,	273.932,	269.551,	205.417,	220.845,	231.437,	270.228,	391.112,	221.069,	234.377,	74.013,	    123.363,	496.131,	352.409,	277.051,	456.069,	440.388,	0,	        312.794,	407.854,	381.338,	354.160,	396.583,	307.811,	96.780 ,     149.973},
        {292.078,	207.524,	107.514,	102.937,	228.190,	309.427,	301.197,	216.023,	197.270,	145.199,	152.936,	182.433,	315.353,	96.315,	    377.057,	277.367,	300.715,	336.754,	201.997,	302.845,	317.822,	312.794,	0,	        301.519,	396.551,	180.623,	119.271,	92.460,	    354.767,     251.687},
        {545.862,	292.217,	408.259,	314.025,	75.069,	    565.337,	557.323,	203.362,	450.130,	406.094,	433.482,	139.553,	221.241,	255.725,	426.728,	463.550,	599.390,	103.546,	138.492,	65.312,	    617.759,	407.854,	301.519,	0,	        150.367,	480.641,	231.273,	390.342,	497.366,     457.984},
        {581.294,	299.397,	502.393,	437.440,	206.459,	600.533,	593.311,	214.899,	495.290,	461.102,	496.657,	273.059,	160.193,	319.924,	373.307,	471.530,	695.482,	60.921,	    195.155,	211.771,	693.981,	381.338,	396.551,	150.367,	0,	        561.656,	359.553,	472.998,	478.001,     477.135},
        {183.150,	305.236,	84.335,	    225.734,	408.290,	192.424,	186.137,	357.225,	139.110,	125.049,	84.256,	    362.055,	450.841,	240.710,	428.123,	257.102,	145.894,	504.465,	367.977,	483.305,	137.284,	354.160,	180.623,	480.641,	561.656,	0,	        286.784,	90.496,	    346.011,     222.260},
        {411.289,	274.311,	203.796,	83.241,	    157.989,	428.695,	420.463,	240.289,	315.787,	263.714,	271.698,	92.077,	    329.420,	162.551,	450.490,	385.637,	381.501,	299.199,	189.469,	210.881,	420.280,	396.583,	119.271,	231.273,	359.553,	286.784,	0,	        206.514,	455.067,     363.636},
        {214.719,	233.612,	47.983,	    161.211,	318.431,	230.057,	222.153,	273.315,	131.038,	86.476,	    71.700,	    274.890,	369.883,	153.117,	379.555,	237.146,	224.940,	415.135,	278.528,	394.917,	227.418,	307.811,	92.460,	    390.342,	472.998,	90.496,	    206.514,	0,	        323.994,     205.084},
        {205.924,	206.900,	370.258,	457.326,	459.210,	216.108,	214.216,	294.037,	207.186,	238.285,	268.538,	464.818,	317.808,	294.699,	136.201,	89.182,	    476.394,	447.650,	362.376,	541.570,	403.672,	96.780,	    354.767,	497.366,	478.001,	346.011,	455.067,	323.994,	0,           123.892},
        {113.801,	177.851,	249.624,	350.708,	404.829,	129.549,	123.825,	266.721,	83.298, 	118.641,	145.216,	393.441,	327.293,	217.058,	221.078,	34.846, 	355.815,	433.767,	319.794,	489.886,	291.831,	149.973,	251.687,	457.984,	477.135,	222.260,	363.636,	205.084,	123.892,	 0}

    };
    
    public static void DrukujOdleglosciMIASTA(){// do debugowania
        for (int i = 0; i < ODLEGLOSCI.length-1; i++) {
            for (int j = 0; j < ODLEGLOSCI[0].length-1; j++) {
                System.out.println("od "+MIASTA[i]+" do "+MIASTA[j]+" jest "+ODLEGLOSCI[i][j]+"km");
            }
        }
    }
}
